0	file:/C:/Mallet/sample-data/rta/protokolle/rta1576.edd1e11W110511-d1e10069t35d0728.txt	0.008622305529522024	0.040487347703842554	1.8744142455482662E-4	0.03392689784442362	0.03486410496719775	0.0011246485473289597	0.08359887535145268	0.002061855670103093	0.015182755388940955	0.021743205248359886	0.19606373008434863	1.8744142455482662E-4	1.8744142455482662E-4	1.8744142455482662E-4	1.8744142455482662E-4	0.1782567947516401	0.002061855670103093	1.8744142455482662E-4	0.01893158388003749	1.8744142455482662E-4	0.024554826616682287	0.03673851921274602	0.05454545454545455	0.24479850046860355	0.0011246485473289597
1	file:/C:/Mallet/sample-data/rta/protokolle/rta1576.edd1e11W110511-d1e10737t36d0729.txt	0.002702702702702703	0.016216216216216217	0.002702702702702703	0.16486486486486485	0.002702702702702703	0.002702702702702703	0.12432432432432432	0.002702702702702703	0.002702702702702703	0.002702702702702703	0.002702702702702703	0.002702702702702703	0.002702702702702703	0.002702702702702703	0.02972972972972973	0.05675675675675676	0.002702702702702703	0.002702702702702703	0.002702702702702703	0.002702702702702703	0.002702702702702703	0.13783783783783782	0.27297297297297296	0.13783783783783782	0.016216216216216217
2	file:/C:/Mallet/sample-data/rta/protokolle/rta1576.edd1e11W110511-d1e10813t37d0730.txt	0.003448275862068966	0.003448275862068966	0.003448275862068966	0.003448275862068966	0.003448275862068966	0.003448275862068966	0.003448275862068966	0.003448275862068966	0.003448275862068966	0.19310344827586207	0.36551724137931035	0.003448275862068966	0.020689655172413793	0.003448275862068966	0.003448275862068966	0.003448275862068966	0.003448275862068966	0.003448275862068966	0.003448275862068966	0.003448275862068966	0.055172413793103454	0.003448275862068966	0.17586206896551723	0.12413793103448276	0.003448275862068966
3	file:/C:/Mallet/sample-data/rta/protokolle/rta1576.edd1e11W110511-d1e10880t38d0731.txt	0.0011684518013631937	0.019668938656280426	1.9474196689386563E-4	0.00798442064264849	0.01382667964946446	1.9474196689386563E-4	0.3546251217137293	0.00311587147030185	1.9474196689386563E-4	0.010905550146056474	0.14333008763388508	0.0011684518013631937	0.002142161635832522	1.9474196689386563E-4	1.9474196689386563E-4	0.22414800389483933	0.0011684518013631937	1.9474196689386563E-4	1.9474196689386563E-4	1.9474196689386563E-4	0.008958130477117817	0.005063291139240506	1.9474196689386563E-4	0.20077896786757546	1.9474196689386563E-4
4	file:/C:/Mallet/sample-data/rta/protokolle/rta1576.edd1e11W110511-d1e1096t6d0624.txt	7.874015748031497E-4	7.874015748031497E-4	7.874015748031497E-4	0.004724409448818898	0.004724409448818898	0.008661417322834646	0.03228346456692913	0.008661417322834646	7.874015748031497E-4	7.874015748031497E-4	0.10708661417322834	7.874015748031497E-4	0.3236220472440945	0.008661417322834646	0.004724409448818898	7.874015748031497E-4	7.874015748031497E-4	7.874015748031497E-4	7.874015748031497E-4	7.874015748031497E-4	7.874015748031497E-4	0.22125984251968506	0.2409448818897638	0.02047244094488189	0.004724409448818898
5	file:/C:/Mallet/sample-data/rta/protokolle/rta1576.edd1e11W110511-d1e11278t39d0801.txt	0.0698191933240612	0.033657858136300414	0.00305980528511822	0.022531293463143254	0.019749652294853964	2.781641168289291E-4	0.23810848400556325	0.0016689847009735744	0.0058414464534075105	0.022531293463143254	0.13796940194714882	2.781641168289291E-4	0.0058414464534075105	2.781641168289291E-4	2.781641168289291E-4	0.13936022253129346	2.781641168289291E-4	2.781641168289291E-4	0.0016689847009735744	0.00305980528511822	2.781641168289291E-4	0.014186369958275382	0.016968011126564674	0.2617524339360222	2.781641168289291E-4
6	file:/C:/Mallet/sample-data/rta/protokolle/rta1576.edd1e11W110511-d1e11720t40d0802.txt	0.01248470012239902	0.027172582619339046	2.447980416156671E-4	0.0394124847001224	0.0222766217870257	0.002692778457772338	0.1997552019583843	0.002692778457772338	0.01738066095471236	0.209547123623011	0.07613219094247246	2.447980416156671E-4	0.002692778457772338	0.0014687882496940024	2.447980416156671E-4	0.10673194614443085	2.447980416156671E-4	2.447980416156671E-4	0.04675642594859242	0.0014687882496940024	2.447980416156671E-4	2.447980416156671E-4	2.447980416156671E-4	0.22178702570379435	0.007588739290085679
7	file:/C:/Mallet/sample-data/rta/protokolle/rta1576.edd1e11W110511-d1e12200t41d0803.txt	0.016598639455782313	0.03428571428571429	0.002993197278911565	0.019319727891156463	0.015238095238095236	0.0016326530612244896	0.16625850340136056	2.7210884353741496E-4	2.7210884353741496E-4	0.005714285714285714	0.12952380952380954	2.7210884353741496E-4	0.026122448979591834	2.7210884353741496E-4	0.0016326530612244896	0.03836734693877551	2.7210884353741496E-4	2.7210884353741496E-4	2.7210884353741496E-4	0.002993197278911565	0.011156462585034013	0.04789115646258504	0.08190476190476191	0.2791836734693877	0.11727891156462586
8	file:/C:/Mallet/sample-data/rta/protokolle/rta1576.edd1e11W110511-d1e12645t42d0804.txt	2.747252747252747E-4	0.04423076923076923	2.747252747252747E-4	0.0016483516483516484	2.747252747252747E-4	2.747252747252747E-4	0.16648351648351647	2.747252747252747E-4	2.747252747252747E-4	0.01813186813186813	0.16373626373626374	2.747252747252747E-4	0.011263736263736264	2.747252747252747E-4	0.0057692307692307696	2.747252747252747E-4	0.0016483516483516484	2.747252747252747E-4	0.003021978021978022	2.747252747252747E-4	0.0016483516483516484	0.024999999999999998	0.0057692307692307696	0.16373626373626374	0.38489010989010985
9	file:/C:/Mallet/sample-data/rta/protokolle/rta1576.edd1e11W110511-d1e12933t43d0806.txt	5.882352941176471E-4	5.882352941176471E-4	5.882352941176471E-4	5.882352941176471E-4	0.003529411764705882	5.882352941176471E-4	0.25058823529411767	0.003529411764705882	5.882352941176471E-4	0.09470588235294118	0.31823529411764706	5.882352941176471E-4	0.003529411764705882	0.1123529411764706	0.021176470588235293	0.03588235294117647	5.882352941176471E-4	0.003529411764705882	5.882352941176471E-4	5.882352941176471E-4	0.006470588235294119	5.882352941176471E-4	0.006470588235294119	0.04470588235294117	0.0888235294117647
10	file:/C:/Mallet/sample-data/rta/protokolle/rta1576.edd1e11W110511-d1e13193t44d0807.txt	0.015270935960591134	0.012807881773399015	0.020197044334975368	0.00788177339901478	0.00788177339901478	0.03251231527093596	0.19261083743842367	4.926108374384237E-4	4.926108374384237E-4	0.08177339901477833	0.2123152709359606	4.926108374384237E-4	4.926108374384237E-4	0.0029556650246305416	0.0029556650246305416	4.926108374384237E-4	0.005418719211822661	4.926108374384237E-4	0.005418719211822661	0.005418719211822661	4.926108374384237E-4	4.926108374384237E-4	0.0029556650246305416	0.11625615763546798	0.2714285714285714
11	file:/C:/Mallet/sample-data/rta/protokolle/rta1576.edd1e11W110511-d1e13467t45d0808.txt	0.006183115338882283	0.05374554102259216	2.3781212841854935E-4	2.3781212841854935E-4	0.019262782401902497	0.002615933412604043	0.3129607609988109	0.006183115338882283	0.001426872770511296	0.02520808561236623	0.14173602853745543	2.3781212841854935E-4	2.3781212841854935E-4	0.2689655172413793	0.001426872770511296	0.012128418549346015	2.3781212841854935E-4	0.009750297265160522	2.3781212841854935E-4	0.001426872770511296	0.0038049940546967895	0.012128418549346015	0.0038049940546967895	0.11557669441141498	2.3781212841854935E-4
12	file:/C:/Mallet/sample-data/rta/protokolle/rta1576.edd1e11W110511-d1e1355t7d0625.txt	0.005960264900662252	0.09039735099337749	0.005960264900662252	1.6556291390728477E-4	0.16903973509933773	0.0018211920529801326	0.05231788079470199	1.6556291390728477E-4	1.6556291390728477E-4	0.01009933774834437	0.03327814569536424	1.6556291390728477E-4	0.18476821192052978	1.6556291390728477E-4	1.6556291390728477E-4	0.027483443708609275	1.6556291390728477E-4	1.6556291390728477E-4	0.021688741721854303	1.6556291390728477E-4	0.013410596026490066	0.08543046357615894	0.17731788079470198	0.11026490066225164	0.009271523178807946
13	file:/C:/Mallet/sample-data/rta/protokolle/rta1576.edd1e11W110511-d1e13886t46d0809.txt	0.005947955390334573	0.02453531598513011	3.7174721189591083E-4	3.7174721189591083E-4	0.02453531598513011	0.005947955390334573	0.2513011152416357	3.7174721189591083E-4	0.004089219330855019	0.0895910780669145	0.15092936802973977	3.7174721189591083E-4	3.7174721189591083E-4	0.18066914498141265	3.7174721189591083E-4	0.028252788104089217	3.7174721189591083E-4	3.7174721189591083E-4	3.7174721189591083E-4	3.7174721189591083E-4	0.005947955390334573	0.03011152416356877	0.06728624535315986	0.12304832713754647	0.004089219330855019
14	file:/C:/Mallet/sample-data/rta/protokolle/rta1576.edd1e11W110511-d1e14219t47d0810.txt	0.0044444444444444444	0.016565656565656565	4.0404040404040404E-4	4.0404040404040404E-4	0.0024242424242424242	4.0404040404040404E-4	0.28929292929292927	4.0404040404040404E-4	4.0404040404040404E-4	0.04080808080808081	0.27515151515151515	4.0404040404040404E-4	4.0404040404040404E-4	0.2084848484848485	0.0024242424242424242	0.0044444444444444444	0.0024242424242424242	4.0404040404040404E-4	0.022626262626262626	4.0404040404040404E-4	4.0404040404040404E-4	4.0404040404040404E-4	0.05696969696969697	0.06101010101010101	0.008484848484848486
15	file:/C:/Mallet/sample-data/rta/protokolle/rta1576.edd1e11W110511-d1e14503t48d0811.txt	0.006303724928366763	0.12091690544412609	0.012034383954154728	0.01489971346704871	0.1667621776504298	5.730659025787966E-4	0.06361031518624642	0.01489971346704871	0.006303724928366763	0.09512893982808024	0.1180515759312321	5.730659025787966E-4	0.009169054441260746	5.730659025787966E-4	5.730659025787966E-4	0.012034383954154728	5.730659025787966E-4	5.730659025787966E-4	0.009169054441260746	0.006303724928366763	5.730659025787966E-4	0.0664756446991404	0.1524355300859599	0.12091690544412609	5.730659025787966E-4
16	file:/C:/Mallet/sample-data/rta/protokolle/rta1576.edd1e11W110511-d1e14748t49d0812.txt	0.022222222222222223	0.022222222222222223	0.022222222222222223	0.13333333333333333	0.022222222222222223	0.022222222222222223	0.022222222222222223	0.13333333333333333	0.022222222222222223	0.022222222222222223	0.022222222222222223	0.022222222222222223	0.022222222222222223	0.022222222222222223	0.022222222222222223	0.022222222222222223	0.022222222222222223	0.24444444444444446	0.022222222222222223	0.022222222222222223	0.022222222222222223	0.022222222222222223	0.022222222222222223	0.022222222222222223	0.022222222222222223
17	file:/C:/Mallet/sample-data/rta/protokolle/rta1576.edd1e11W110511-d1e14755t50d0813.txt	1.9960079840319363E-4	0.031137724550898204	1.9960079840319363E-4	1.9960079840319363E-4	0.03512974051896208	1.9960079840319363E-4	0.18782435129740518	0.2467065868263473	1.9960079840319363E-4	0.04411177644710579	0.1658682634730539	1.9960079840319363E-4	1.9960079840319363E-4	0.003193612774451098	0.003193612774451098	0.026147704590818364	1.9960079840319363E-4	0.0011976047904191617	0.010179640718562874	1.9960079840319363E-4	0.04510978043912176	0.0041916167664670665	0.037125748502994015	0.14890219560878243	0.008183632734530938
18	file:/C:/Mallet/sample-data/rta/protokolle/rta1576.edd1e11W110511-d1e15389t51d0814.txt	0.030104321907600595	0.030104321907600595	2.9806259314456036E-4	0.01818181818181818	2.9806259314456036E-4	2.9806259314456036E-4	0.3773472429210134	0.004769001490312966	0.05692995529061103	0.10461997019374068	0.14038748137108795	2.9806259314456036E-4	2.9806259314456036E-4	2.9806259314456036E-4	0.0062593144560357675	0.0017883755588673621	2.9806259314456036E-4	0.0062593144560357675	0.01818181818181818	2.9806259314456036E-4	0.0017883755588673621	0.022652757078986587	0.007749627421758569	0.12250372578241431	0.04798807749627422
19	file:/C:/Mallet/sample-data/rta/protokolle/rta1576.edd1e11W110511-d1e15760t52d0815.txt	4.938271604938272E-4	0.002962962962962963	0.015308641975308642	0.02271604938271605	0.0745679012345679	4.938271604938272E-4	0.04246913580246913	4.938271604938272E-4	0.2128395061728395	0.0054320987654320994	0.012839506172839507	4.938271604938272E-4	0.017777777777777778	4.938271604938272E-4	4.938271604938272E-4	0.012839506172839507	0.04246913580246913	4.938271604938272E-4	0.025185185185185182	4.938271604938272E-4	0.04493827160493827	0.1832098765432099	0.1511111111111111	0.1288888888888889	4.938271604938272E-4
20	file:/C:/Mallet/sample-data/rta/protokolle/rta1576.edd1e11W110511-d1e15969t53d0816.txt	0.01	0.01	0.01	0.01	0.01	0.01	0.01	0.16	0.01	0.01	0.11000000000000001	0.01	0.01	0.01	0.01	0.01	0.01	0.01	0.01	0.01	0.01	0.06	0.36	0.01	0.11000000000000001
21	file:/C:/Mallet/sample-data/rta/protokolle/rta1576.edd1e11W110511-d1e15986t54d0817.txt	3.853564547206166E-4	0.002312138728323699	3.853564547206166E-4	0.06589595375722544	3.853564547206166E-4	3.853564547206166E-4	0.20655105973025048	0.004238921001926783	0.004238921001926783	0.11984585741811175	0.2816955684007707	3.853564547206166E-4	0.00809248554913295	0.08516377649325627	3.853564547206166E-4	3.853564547206166E-4	0.00809248554913295	3.853564547206166E-4	0.02350674373795761	3.853564547206166E-4	3.853564547206166E-4	0.027360308285163774	0.06782273603082853	0.09094412331406551	3.853564547206166E-4
22	file:/C:/Mallet/sample-data/rta/protokolle/rta1576.edd1e11W110511-d1e16344t55d0818.txt	0.005288461538461539	0.04615384615384615	0.010096153846153847	0.07740384615384616	0.02692307692307692	4.807692307692308E-4	0.07259615384615384	4.807692307692308E-4	4.807692307692308E-4	0.06298076923076923	0.09182692307692308	4.807692307692308E-4	0.005288461538461539	4.807692307692308E-4	4.807692307692308E-4	4.807692307692308E-4	4.807692307692308E-4	0.0125	0.005288461538461539	4.807692307692308E-4	4.807692307692308E-4	0.36346153846153845	0.14711538461538462	0.06778846153846153	4.807692307692308E-4
23	file:/C:/Mallet/sample-data/rta/protokolle/rta1576.edd1e11W110511-d1e16621t56d0820.txt	2.207505518763797E-4	0.0024282560706401766	2.207505518763797E-4	2.207505518763797E-4	2.207505518763797E-4	0.0013245033112582781	0.20662251655629138	2.207505518763797E-4	0.042163355408388524	0.16357615894039734	0.1326710816777042	2.207505518763797E-4	0.0013245033112582781	2.207505518763797E-4	2.207505518763797E-4	2.207505518763797E-4	2.207505518763797E-4	2.207505518763797E-4	0.0024282560706401766	2.207505518763797E-4	2.207505518763797E-4	0.023399558498896248	0.018984547461368653	0.12494481236203091	0.27726269315673285
24	file:/C:/Mallet/sample-data/rta/protokolle/rta1576.edd1e11W110511-d1e16993t57d0821.txt	4.264392324093817E-4	0.017484008528784647	4.264392324093817E-4	0.004690831556503199	0.0025586353944562898	0.0025586353944562898	0.12835820895522387	0.006823027718550107	0.034541577825159916	0.22430703624733475	0.14968017057569297	4.264392324093817E-4	0.0025586353944562898	4.264392324093817E-4	4.264392324093817E-4	0.011087420042643924	0.011087420042643924	4.264392324093817E-4	0.04307036247334755	4.264392324093817E-4	0.004690831556503199	0.008955223880597015	0.03880597014925373	0.1624733475479744	0.14328358208955225
25	file:/C:/Mallet/sample-data/rta/protokolle/rta1576.edd1e11W110511-d1e17243t58d0822.txt	2.317497103128621E-4	0.032676709154113553	2.317497103128621E-4	2.317497103128621E-4	2.317497103128621E-4	2.317497103128621E-4	0.24472769409038236	0.026882966396292004	2.317497103128621E-4	0.17636152954808806	0.06628041714947856	2.317497103128621E-4	2.317497103128621E-4	0.24588644264194667	2.317497103128621E-4	0.0025492468134414832	2.317497103128621E-4	0.006025492468134415	2.317497103128621E-4	0.004866743916570104	0.0025492468134414832	0.0013904982618771725	0.05469293163383546	0.13001158748551564	0.0025492468134414832
26	file:/C:/Mallet/sample-data/rta/protokolle/rta1576.edd1e11W110511-d1e17610t59d0823.txt	0.00976933514246947	0.0029850746268656717	0.0016282225237449117	2.71370420624152E-4	0.013839891451831749	2.71370420624152E-4	0.1644504748982361	0.013839891451831749	2.71370420624152E-4	0.4236092265943012	0.04776119402985075	2.71370420624152E-4	2.71370420624152E-4	0.02876526458616011	0.004341926729986432	2.71370420624152E-4	0.007055630936227951	0.004341926729986432	0.01112618724559023	2.71370420624152E-4	0.00976933514246947	0.0016282225237449117	0.04504748982360923	0.11831750339213026	0.08982360922659431
27	file:/C:/Mallet/sample-data/rta/protokolle/rta1576.edd1e11W110511-d1e18011t60d0824.txt	0.028571428571428574	0.028571428571428574	0.028571428571428574	0.028571428571428574	0.028571428571428574	0.028571428571428574	0.028571428571428574	0.028571428571428574	0.028571428571428574	0.028571428571428574	0.028571428571428574	0.028571428571428574	0.028571428571428574	0.028571428571428574	0.028571428571428574	0.028571428571428574	0.028571428571428574	0.17142857142857143	0.17142857142857143	0.028571428571428574	0.028571428571428574	0.028571428571428574	0.028571428571428574	0.028571428571428574	0.028571428571428574
28	file:/C:/Mallet/sample-data/rta/protokolle/rta1576.edd1e11W110511-d1e18017t61d0826.txt	0.0011560693641618498	0.0011560693641618498	0.012716763005780347	0.0011560693641618498	0.012716763005780347	0.006936416184971098	0.0011560693641618498	0.035838150289017344	0.012716763005780347	0.18034682080924855	0.058959537572254334	0.0011560693641618498	0.0011560693641618498	0.0011560693641618498	0.0011560693641618498	0.030057803468208095	0.0011560693641618498	0.0011560693641618498	0.0011560693641618498	0.0011560693641618498	0.0011560693641618498	0.07630057803468207	0.353757225433526	0.15722543352601157	0.047398843930635835
29	file:/C:/Mallet/sample-data/rta/protokolle/rta1576.edd1e11W110511-d1e18198t62d0827.txt	2.320185614849188E-4	0.022273781902552203	2.320185614849188E-4	0.0037122969837587007	0.03851508120649652	0.0013921113689095127	0.07215777262180975	2.320185614849188E-4	0.22993039443155452	0.054756380510440836	0.18236658932714617	0.002552204176334107	0.008352668213457077	0.0013921113689095127	2.320185614849188E-4	2.320185614849188E-4	0.002552204176334107	2.320185614849188E-4	0.0071925754060324825	2.320185614849188E-4	0.028074245939675172	0.045475638051044084	0.1208816705336427	0.1754060324825986	0.0013921113689095127
30	file:/C:/Mallet/sample-data/rta/protokolle/rta1576.edd1e11W110511-d1e18813t63d0828.txt	0.00967402733964248	0.03070452155625657	2.1030494216614092E-4	0.01177707676130389	0.12429022082018927	2.1030494216614092E-4	0.060147213459516305	2.1030494216614092E-4	2.1030494216614092E-4	2.1030494216614092E-4	0.35562565720294426	2.1030494216614092E-4	2.1030494216614092E-4	2.1030494216614092E-4	2.1030494216614092E-4	0.005467928496319664	2.1030494216614092E-4	0.010725552050473186	2.1030494216614092E-4	2.1030494216614092E-4	0.153732912723449	0.060147213459516305	0.005467928496319664	0.16845425867507885	0.0012618296529968453
31	file:/C:/Mallet/sample-data/rta/protokolle/rta1576.edd1e11W110511-d1e19421t64d0829.txt	3.215434083601286E-4	0.0067524115755627015	3.215434083601286E-4	3.215434083601286E-4	0.05016077170418006	3.215434083601286E-4	0.07106109324758843	3.215434083601286E-4	0.005144694533762058	0.021221864951768487	0.4585209003215434	3.215434083601286E-4	3.215434083601286E-4	3.215434083601286E-4	3.215434083601286E-4	3.215434083601286E-4	3.215434083601286E-4	3.215434083601286E-4	0.003536977491961415	3.215434083601286E-4	0.09678456591639872	3.215434083601286E-4	0.008360128617363344	0.257556270096463	0.016398713826366557
32	file:/C:/Mallet/sample-data/rta/protokolle/rta1576.edd1e11W110511-d1e19901t65d0830.txt	0.0015544041450777201	2.5906735751295336E-4	2.5906735751295336E-4	0.01709844559585492	0.04430051813471503	2.5906735751295336E-4	0.16476683937823836	2.5906735751295336E-4	0.006735751295336788	0.02098445595854922	0.29300518134715026	2.5906735751295336E-4	2.5906735751295336E-4	2.5906735751295336E-4	2.5906735751295336E-4	0.13626943005181347	2.5906735751295336E-4	2.5906735751295336E-4	0.02616580310880829	2.5906735751295336E-4	0.03005181347150259	2.5906735751295336E-4	0.008031088082901554	0.22694300518134713	0.02098445595854922
33	file:/C:/Mallet/sample-data/rta/protokolle/rta1576.edd1e11W110511-d1e20435t66d0831.txt	0.001948051948051948	0.019805194805194805	3.246753246753247E-4	0.006818181818181819	0.011688311688311689	3.246753246753247E-4	0.22110389610389608	0.0035714285714285718	0.006818181818181819	0.04902597402597402	0.2909090909090909	3.246753246753247E-4	3.246753246753247E-4	3.246753246753247E-4	3.246753246753247E-4	0.1431818181818182	3.246753246753247E-4	3.246753246753247E-4	3.246753246753247E-4	0.0035714285714285718	0.01818181818181818	0.006818181818181819	3.246753246753247E-4	0.20162337662337662	0.011688311688311689
34	file:/C:/Mallet/sample-data/rta/protokolle/rta1576.edd1e11W110511-d1e2075t8d0627.txt	0.001142857142857143	0.001142857142857143	0.001142857142857143	0.029714285714285714	0.001142857142857143	0.001142857142857143	0.04114285714285714	0.001142857142857143	0.012571428571428572	0.046857142857142854	0.001142857142857143	0.001142857142857143	0.09257142857142857	0.024	0.001142857142857143	0.001142857142857143	0.024	0.06971428571428571	0.006857142857142857	0.001142857142857143	0.006857142857142857	0.046857142857142854	0.5382857142857143	0.024	0.024
35	file:/C:/Mallet/sample-data/rta/protokolle/rta1576.edd1e11W110511-d1e20808t67d0903.txt	0.022797927461139896	3.4542314335060453E-4	0.007253886010362694	3.4542314335060453E-4	0.014162348877374782	0.002072538860103627	0.053886010362694296	3.4542314335060453E-4	3.4542314335060453E-4	0.23868739205526768	0.21105354058721934	3.4542314335060453E-4	0.01070811744386874	3.4542314335060453E-4	3.4542314335060453E-4	0.05561312607944733	3.4542314335060453E-4	3.4542314335060453E-4	0.021070811744386873	3.4542314335060453E-4	0.03488773747841105	0.002072538860103627	0.017616580310880828	0.3008635578583765	0.0037996545768566497
36	file:/C:/Mallet/sample-data/rta/protokolle/rta1576.edd1e11W110511-d1e21164t68d0904.txt	0.0375	0.057446808510638304	2.6595744680851064E-4	2.6595744680851064E-4	0.02952127659574468	0.0015957446808510637	0.0800531914893617	0.0015957446808510637	2.6595744680851064E-4	0.04946808510638298	0.2875	2.6595744680851064E-4	2.6595744680851064E-4	2.6595744680851064E-4	2.6595744680851064E-4	2.6595744680851064E-4	2.6595744680851064E-4	2.6595744680851064E-4	0.1478723404255319	2.6595744680851064E-4	0.02952127659574468	0.04414893617021277	0.009574468085106383	0.22101063829787232	2.6595744680851064E-4
37	file:/C:/Mallet/sample-data/rta/protokolle/rta1576.edd1e11W110511-d1e21667t69d0906.txt	0.014985590778097984	0.017867435158501442	0.009221902017291067	5.763688760806917E-4	5.763688760806917E-4	5.763688760806917E-4	0.06397694524495677	5.763688760806917E-4	5.763688760806917E-4	0.5193083573487032	0.06685878962536022	5.763688760806917E-4	0.006340057636887608	5.763688760806917E-4	5.763688760806917E-4	0.0553314121037464	5.763688760806917E-4	0.014985590778097984	0.029394812680115272	5.763688760806917E-4	0.026512968299711812	5.763688760806917E-4	0.0409221902017291	0.12737752161383287	5.763688760806917E-4
38	file:/C:/Mallet/sample-data/rta/protokolle/rta1576.edd1e11W110511-d1e21946t70d0907.txt	0.015584415584415584	0.015584415584415584	0.0025974025974025974	0.0025974025974025974	0.0025974025974025974	0.0025974025974025974	0.10649350649350649	0.0025974025974025974	0.06753246753246754	0.05454545454545455	0.11948051948051946	0.0025974025974025974	0.0025974025974025974	0.0025974025974025974	0.0025974025974025974	0.0025974025974025974	0.0025974025974025974	0.0025974025974025974	0.015584415584415584	0.0025974025974025974	0.24935064935064935	0.08051948051948052	0.10649350649350649	0.13246753246753246	0.0025974025974025974
39	file:/C:/Mallet/sample-data/rta/protokolle/rta1576.edd1e11W110511-d1e22012t71d0908.txt	0.022222222222222223	0.022222222222222223	0.022222222222222223	0.022222222222222223	0.022222222222222223	0.022222222222222223	0.022222222222222223	0.022222222222222223	0.022222222222222223	0.022222222222222223	0.022222222222222223	0.022222222222222223	0.022222222222222223	0.022222222222222223	0.022222222222222223	0.022222222222222223	0.022222222222222223	0.022222222222222223	0.4666666666666667	0.022222222222222223	0.022222222222222223	0.022222222222222223	0.022222222222222223	0.022222222222222223	0.022222222222222223
40	file:/C:/Mallet/sample-data/rta/protokolle/rta1576.edd1e11W110511-d1e22017t72d0909.txt	0.028571428571428574	0.028571428571428574	0.028571428571428574	0.028571428571428574	0.028571428571428574	0.028571428571428574	0.028571428571428574	0.028571428571428574	0.028571428571428574	0.028571428571428574	0.028571428571428574	0.028571428571428574	0.028571428571428574	0.028571428571428574	0.028571428571428574	0.028571428571428574	0.028571428571428574	0.17142857142857143	0.17142857142857143	0.028571428571428574	0.028571428571428574	0.028571428571428574	0.028571428571428574	0.028571428571428574	0.028571428571428574
41	file:/C:/Mallet/sample-data/rta/protokolle/rta1576.edd1e11W110511-d1e22022t73d0910.txt	0.015384615384615385	0.015384615384615385	0.015384615384615385	0.015384615384615385	0.015384615384615385	0.0923076923076923	0.015384615384615385	0.015384615384615385	0.0923076923076923	0.015384615384615385	0.015384615384615385	0.015384615384615385	0.015384615384615385	0.015384615384615385	0.015384615384615385	0.015384615384615385	0.015384615384615385	0.015384615384615385	0.015384615384615385	0.015384615384615385	0.4	0.015384615384615385	0.015384615384615385	0.015384615384615385	0.0923076923076923
42	file:/C:/Mallet/sample-data/rta/protokolle/rta1576.edd1e11W110511-d1e2202t9d0628.txt	3.2362459546925567E-4	0.039158576051779935	0.021359223300970873	3.2362459546925567E-4	0.001941747572815534	3.2362459546925567E-4	0.040776699029126215	3.2362459546925567E-4	3.2362459546925567E-4	0.10064724919093851	0.17184466019417477	3.2362459546925567E-4	0.01326860841423948	3.2362459546925567E-4	3.2362459546925567E-4	0.001941747572815534	0.010032362459546926	3.2362459546925567E-4	0.0035598705501618125	0.0035598705501618125	0.001941747572815534	0.06181229773462783	0.035922330097087375	0.38543689320388347	0.10388349514563107
43	file:/C:/Mallet/sample-data/rta/protokolle/rta1576.edd1e11W110511-d1e22035t74d0911.txt	0.012093023255813955	0.0027906976744186047	4.6511627906976747E-4	0.04232558139534884	0.10744186046511628	4.6511627906976747E-4	4.6511627906976747E-4	0.0027906976744186047	0.012093023255813955	0.04697674418604651	0.20279069767441862	4.6511627906976747E-4	4.6511627906976747E-4	4.6511627906976747E-4	4.6511627906976747E-4	0.0074418604651162795	4.6511627906976747E-4	4.6511627906976747E-4	0.0027906976744186047	0.0027906976744186047	0.0772093023255814	0.0772093023255814	0.2586046511627907	0.14	4.6511627906976747E-4
44	file:/C:/Mallet/sample-data/rta/protokolle/rta1576.edd1e11W110511-d1e22304t75d0912.txt	0.013093525179856114	0.08719424460431655	1.4388489208633093E-4	0.0015827338129496403	0.005179856115107914	8.633093525179855E-4	0.1289208633093525	0.01237410071942446	0.008776978417266186	1.4388489208633093E-4	0.10949640287769784	1.4388489208633093E-4	0.017410071942446044	1.4388489208633093E-4	1.4388489208633093E-4	0.0181294964028777	1.4388489208633093E-4	1.4388489208633093E-4	0.01237410071942446	1.4388489208633093E-4	0.42604316546762594	0.005179856115107914	0.03179856115107914	0.10805755395683453	0.01237410071942446
45	file:/C:/Mallet/sample-data/rta/protokolle/rta1576.edd1e11W110511-d1e23169t76d0913.txt	0.3340974212034384	0.02320916905444126	2.865329512893983E-4	0.004584527220630373	0.010315186246418338	2.865329512893983E-4	0.20372492836676215	0.01318051575931232	0.0017191977077363897	0.006017191977077364	0.21948424068767908	2.865329512893983E-4	2.865329512893983E-4	0.008882521489971347	2.865329512893983E-4	0.0017191977077363897	2.865329512893983E-4	2.865329512893983E-4	0.011747851002865328	2.865329512893983E-4	2.865329512893983E-4	2.865329512893983E-4	0.020343839541547278	0.11633237822349571	0.021776504297994267
46	file:/C:/Mallet/sample-data/rta/protokolle/rta1576.edd1e11W110511-d1e23560t77d0914.txt	0.22776025236593062	0.03533123028391167	0.0037854889589905363	0.016403785488958992	6.309148264984228E-4	6.309148264984228E-4	0.16782334384858044	0.016403785488958992	6.309148264984228E-4	0.06372239747634069	0.15520504731861198	6.309148264984228E-4	0.0037854889589905363	6.309148264984228E-4	6.309148264984228E-4	6.309148264984228E-4	0.013249211356466877	0.0037854889589905363	0.0416403785488959	0.00694006309148265	0.12681388012618297	0.016403785488958992	0.013249211356466877	0.07003154574132492	0.013249211356466877
47	file:/C:/Mallet/sample-data/rta/protokolle/rta1576.edd1e11W110511-d1e23871t78d0915.txt	8.438818565400844E-4	0.00928270042194093	0.005063291139240506	8.438818565400844E-4	0.021940928270042195	0.03881856540084388	0.021940928270042195	8.438818565400844E-4	8.438818565400844E-4	0.12742616033755275	8.438818565400844E-4	8.438818565400844E-4	8.438818565400844E-4	8.438818565400844E-4	0.005063291139240506	8.438818565400844E-4	8.438818565400844E-4	0.017721518987341773	0.00928270042194093	8.438818565400844E-4	0.021940928270042195	0.04725738396624472	0.5451476793248945	0.1189873417721519	8.438818565400844E-4
48	file:/C:/Mallet/sample-data/rta/protokolle/rta1576.edd1e11W110511-d1e239t1d0529.txt	0.0022900763358778627	0.023282442748091603	0.009923664122137405	0.02900763358778626	0.0767175572519084	3.816793893129771E-4	0.07862595419847329	0.3896946564885496	0.009923664122137405	0.004198473282442748	0.030916030534351144	0.0022900763358778627	0.0022900763358778627	0.0022900763358778627	3.816793893129771E-4	3.816793893129771E-4	0.0022900763358778627	3.816793893129771E-4	3.816793893129771E-4	3.816793893129771E-4	0.01564885496183206	0.12061068702290077	0.14541984732824428	0.051908396946564885	3.816793893129771E-4
49	file:/C:/Mallet/sample-data/rta/protokolle/rta1576.edd1e11W110511-d1e24086t79d0917.txt	5.420054200542005E-4	0.016802168021680216	5.420054200542005E-4	0.038482384823848234	0.030352303523035227	5.420054200542005E-4	0.10623306233062331	0.005962059620596207	5.420054200542005E-4	0.08455284552845528	0.10623306233062331	5.420054200542005E-4	0.011382113821138212	0.014092140921409214	0.016802168021680216	5.420054200542005E-4	5.420054200542005E-4	0.005962059620596207	5.420054200542005E-4	5.420054200542005E-4	0.3121951219512195	0.016802168021680216	0.10623306233062331	0.11978319783197833	0.0032520325203252032
50	file:/C:/Mallet/sample-data/rta/protokolle/rta1576.edd1e11W110511-d1e24315t80d0918.txt	0.020377358490566037	0.08578616352201258	2.5157232704402514E-4	0.002767295597484277	2.5157232704402514E-4	2.5157232704402514E-4	0.08452830188679246	0.00779874213836478	0.00779874213836478	0.04930817610062893	0.22163522012578615	0.0015094339622641509	2.5157232704402514E-4	2.5157232704402514E-4	0.0015094339622641509	0.002767295597484277	2.5157232704402514E-4	0.0015094339622641509	0.12352201257861635	2.5157232704402514E-4	0.12603773584905661	0.05937106918238994	2.5157232704402514E-4	0.1838993710691824	0.017861635220125786
51	file:/C:/Mallet/sample-data/rta/protokolle/rta1576.edd1e11W110511-d1e24845t81d0919.txt	0.13857965451055662	0.019577735124760076	3.8387715930902113E-4	0.029174664107485603	0.061804222648752405	3.8387715930902113E-4	0.05220729366602687	3.8387715930902113E-4	0.0023032629558541267	0.14049904030710172	0.08675623800383878	3.8387715930902113E-4	0.011900191938579654	3.8387715930902113E-4	3.8387715930902113E-4	3.8387715930902113E-4	0.0023032629558541267	3.8387715930902113E-4	3.8387715930902113E-4	0.0023032629558541267	0.127063339731286	0.059884836852207295	0.07140115163147794	0.18272552783109405	0.008061420345489444
52	file:/C:/Mallet/sample-data/rta/protokolle/rta1576.edd1e11W110511-d1e25203t82d0920.txt	0.004855842185128983	0.24613050075872533	0.0018209408194233686	0.01699544764795144	0.044309559939301975	3.0349013657056146E-4	0.026100151745068283	3.0349013657056146E-4	0.004855842185128983	3.0349013657056146E-4	0.2006069802731411	3.0349013657056146E-4	0.009408194233687406	3.0349013657056146E-4	3.0349013657056146E-4	0.0018209408194233686	3.0349013657056146E-4	3.0349013657056146E-4	0.2704097116843702	3.0349013657056146E-4	3.0349013657056146E-4	0.030652503793626707	3.0349013657056146E-4	0.13839150227617603	3.0349013657056146E-4
53	file:/C:/Mallet/sample-data/rta/protokolle/rta1576.edd1e11W110511-d1e25649t83d0922.txt	0.029099307159353348	0.30969976905311775	2.309468822170901E-4	0.029099307159353348	0.023325635103926098	2.309468822170901E-4	0.1468822170900693	2.309468822170901E-4	2.309468822170901E-4	2.309468822170901E-4	0.18267898383371822	0.002540415704387991	2.309468822170901E-4	2.309468822170901E-4	0.0013856812933025404	0.007159353348729793	2.309468822170901E-4	2.309468822170901E-4	0.04988452655889146	0.0013856812933025404	0.006004618937644342	0.022170900692840646	0.0036951501154734415	0.17690531177829097	0.006004618937644342
54	file:/C:/Mallet/sample-data/rta/protokolle/rta1576.edd1e11W110511-d1e26034t84d0924.txt	5.16795865633075E-4	0.13746770025839794	5.16795865633075E-4	0.06770025839793281	5.16795865633075E-4	5.16795865633075E-4	0.04186046511627907	5.16795865633075E-4	5.16795865633075E-4	0.22015503875968992	0.2124031007751938	0.010852713178294573	5.16795865633075E-4	0.005684754521963825	5.16795865633075E-4	5.16795865633075E-4	0.0031007751937984496	5.16795865633075E-4	0.0702842377260982	5.16795865633075E-4	0.018604651162790697	5.16795865633075E-4	5.16795865633075E-4	0.19948320413436693	0.005684754521963825
55	file:/C:/Mallet/sample-data/rta/protokolle/rta1576.edd1e11W110511-d1e2608t10d0629.txt	0.02	0.02	0.02	0.02	0.02	0.02	0.02	0.02	0.02	0.02	0.02	0.02	0.42000000000000004	0.02	0.02	0.02	0.02	0.02	0.12	0.02	0.02	0.02	0.02	0.02	0.02
56	file:/C:/Mallet/sample-data/rta/protokolle/rta1576.edd1e11W110511-d1e2614t11d0630.txt	0.010897927858787413	0.09378357636224098	1.5349194167306218E-4	1.5349194167306218E-4	0.11527244819646967	1.5349194167306218E-4	0.06692248656945511	1.5349194167306218E-4	0.010897927858787413	1.5349194167306218E-4	0.2633921719109747	0.001688411358403684	0.005525709900230238	0.0032233307751343056	1.5349194167306218E-4	0.0032233307751343056	1.5349194167306218E-4	1.5349194167306218E-4	0.016270145817344588	9.20951650038373E-4	0.0062931696085955485	0.0385264773599386	0.016270145817344588	0.3447429009976976	9.20951650038373E-4
57	file:/C:/Mallet/sample-data/rta/protokolle/rta1576.edd1e11W110511-d1e26317t85d0925.txt	0.008179419525065963	0.05699208443271768	0.008179419525065963	0.0015831134564643799	0.025329815303430078	0.0015831134564643799	0.21530343007915564	2.638522427440633E-4	0.002902374670184697	0.12031662269129288	0.20738786279683377	2.638522427440633E-4	2.638522427440633E-4	0.035883905013192614	2.638522427440633E-4	0.025329815303430078	2.638522427440633E-4	0.00554089709762533	0.035883905013192614	2.638522427440633E-4	2.638522427440633E-4	0.014775725593667546	0.02796833773087071	0.1387862796833773	0.0662269129287599
58	file:/C:/Mallet/sample-data/rta/protokolle/rta1576.edd1e11W110511-d1e26801t86d0926.txt	6.849315068493151E-4	0.08972602739726027	6.849315068493151E-4	6.849315068493151E-4	0.014383561643835616	6.849315068493151E-4	0.04520547945205479	6.849315068493151E-4	6.849315068493151E-4	0.486986301369863	0.0589041095890411	0.007534246575342466	6.849315068493151E-4	0.01780821917808219	6.849315068493151E-4	0.007534246575342466	6.849315068493151E-4	0.00410958904109589	0.034931506849315064	6.849315068493151E-4	6.849315068493151E-4	0.00410958904109589	0.07602739726027397	0.1445205479452055	6.849315068493151E-4
59	file:/C:/Mallet/sample-data/rta/protokolle/rta1576.edd1e11W110511-d1e26967t87d0927.txt	0.00814814814814815	0.048888888888888885	7.407407407407408E-4	7.407407407407408E-4	0.06	0.01925925925925926	0.07111111111111111	7.407407407407408E-4	0.04148148148148148	0.43777777777777777	0.03777777777777778	7.407407407407408E-4	7.407407407407408E-4	7.407407407407408E-4	0.0044444444444444444	0.022962962962962963	7.407407407407408E-4	7.407407407407408E-4	0.011851851851851853	7.407407407407408E-4	7.407407407407408E-4	0.0637037037037037	0.04148148148148148	0.11185185185185186	0.011851851851851853
60	file:/C:/Mallet/sample-data/rta/protokolle/rta1576.edd1e11W110511-d1e27170t88d0928.txt	0.12388797364085667	0.023393739703459638	0.0019769357495881385	0.0019769357495881385	3.294892915980231E-4	3.294892915980231E-4	0.2688632619439868	0.01845140032948929	3.294892915980231E-4	0.14036243822075783	0.18649093904448105	3.294892915980231E-4	0.0069192751235584845	0.023393739703459638	3.294892915980231E-4	0.048105436573311365	0.0019769357495881385	0.013509060955518945	0.048105436573311365	0.00527182866556837	0.0085667215815486	0.016803953871499175	0.010214168039538715	0.04316309719934102	0.0069192751235584845
61	file:/C:/Mallet/sample-data/rta/protokolle/rta1576.edd1e11W110511-d1e27676t89d0929.txt	0.002	0.142	0.002	0.002	0.032	0.032	0.002	0.002	0.002	0.192	0.002	0.002	0.002	0.002	0.002	0.002	0.012	0.002	0.002	0.002	0.002	0.102	0.42200000000000004	0.022000000000000002	0.012
62	file:/C:/Mallet/sample-data/rta/protokolle/rta1576.edd1e11W110511-d1e27791t90d1001.txt	0.21527581329561526	2.8288543140028293E-4	0.013012729844413012	2.8288543140028293E-4	2.8288543140028293E-4	2.8288543140028293E-4	0.10353606789250354	0.003111739745403112	0.005940594059405941	0.3340876944837341	0.049787835926449794	2.8288543140028293E-4	2.8288543140028293E-4	0.061103253182461105	0.0016973125884016972	0.004526166902404527	0.00876944837340877	0.003111739745403112	0.020084865629420082	0.0016973125884016972	0.015841584158415842	2.8288543140028293E-4	0.034229137199434226	0.09080622347949081	0.031400282885431396
63	file:/C:/Mallet/sample-data/rta/protokolle/rta1576.edd1e11W110511-d1e28378t91d1003.txt	0.27650273224043714	5.46448087431694E-4	5.46448087431694E-4	5.46448087431694E-4	5.46448087431694E-4	5.46448087431694E-4	0.019672131147540985	5.46448087431694E-4	0.003278688524590164	0.05792349726775956	0.09890710382513662	5.46448087431694E-4	0.006010928961748634	5.46448087431694E-4	5.46448087431694E-4	5.46448087431694E-4	0.003278688524590164	5.46448087431694E-4	5.46448087431694E-4	5.46448087431694E-4	0.011475409836065575	0.008743169398907104	0.22185792349726777	0.28469945355191256	5.46448087431694E-4
64	file:/C:/Mallet/sample-data/rta/protokolle/rta1576.edd1e11W110511-d1e28692t92d1004.txt	0.036969696969696965	0.04909090909090909	6.060606060606061E-4	6.060606060606061E-4	0.018787878787878787	6.060606060606061E-4	0.1187878787878788	6.060606060606061E-4	6.060606060606061E-4	0.2581818181818182	0.05515151515151515	6.060606060606061E-4	6.060606060606061E-4	6.060606060606061E-4	6.060606060606061E-4	6.060606060606061E-4	6.060606060606061E-4	0.006666666666666667	0.05818181818181818	6.060606060606061E-4	6.060606060606061E-4	0.012727272727272728	0.012727272727272728	0.2824242424242424	0.08242424242424243
65	file:/C:/Mallet/sample-data/rta/protokolle/rta1576.edd1e11W110511-d1e28859t93d1005.txt	0.06307692307692307	0.0015384615384615385	0.0015384615384615385	0.0015384615384615385	0.0015384615384615385	0.016923076923076926	0.0015384615384615385	0.016923076923076926	0.00923076923076923	0.20923076923076922	0.0015384615384615385	0.0015384615384615385	0.00923076923076923	0.016923076923076926	0.0015384615384615385	0.03230769230769231	0.016923076923076926	0.0015384615384615385	0.0015384615384615385	0.0015384615384615385	0.016923076923076926	0.016923076923076926	0.40153846153846157	0.15538461538461537	0.0015384615384615385
66	file:/C:/Mallet/sample-data/rta/protokolle/rta1576.edd1e11W110511-d1e29015t94d1006.txt	0.14623655913978495	0.02795698924731183	0.001075268817204301	0.001075268817204301	0.0064516129032258064	0.011827956989247313	0.09247311827956989	0.0064516129032258064	0.001075268817204301	0.32903225806451614	0.03333333333333333	0.001075268817204301	0.001075268817204301	0.05483870967741935	0.001075268817204301	0.0064516129032258064	0.011827956989247313	0.001075268817204301	0.001075268817204301	0.001075268817204301	0.001075268817204301	0.011827956989247313	0.1946236559139785	0.05483870967741935	0.001075268817204301
